# Example points file generated with 1000 200 4 45,2,15 1,1.4,2 45,45,45 45
# So, 1000 points, 200 base radius, 4 gaussian noise, bias [45,2,15], scale 
# [1,1.4,2] and a 45 degree rotation around the [45,45,45] axis.

224.742687;-184.676380;104.682513
-257.678810;137.741858;-329.362437
-91.433466;-230.338887;-141.269092
-226.978714;-117.067185;-186.759859
-248.990096;213.209323;-236.359864
-43.837843;208.038778;-181.560218
-17.213024;-243.114659;-145.128537
70.222825;-42.165638;341.833264
-88.393804;-106.488372;-313.989372
-262.856390;193.821731;-242.880288
77.962427;-259.410706;-87.915037
-296.821776;96.824068;-272.969806
78.949287;175.127032;102.992043
-157.682275;232.350678;97.713286
-163.025708;-157.670669;-243.564193
104.641179;-62.631361;333.854861
-46.320892;167.391660;-255.914423
239.696247;-116.621849;184.468850
-222.228593;-58.342201;-302.062889
-153.079962;267.253218;-50.114772
-293.551104;215.814358;-125.766326
125.429352;-18.577909;318.876309
217.040263;-42.294648;148.565401
-196.680864;-47.438075;116.502611
-131.133580;197.852595;162.398225
65.705790;-265.302975;160.792303
-262.703976;177.898568;25.676764
-263.524693;112.194782;-332.451239
-294.868217;183.717236;-94.145897
143.349811;-142.029356;303.767152
159.957670;-136.594199;308.552630
106.135250;-270.746112;2.474313
-213.225789;80.774734;-364.206661
57.118523;-65.362256;336.122826
-291.565439;140.407143;-305.050644
144.809073;-259.487381;26.003311
133.993558;-227.315949;-77.711922
32.188886;88.880134;-221.557201
127.414723;-197.075228;283.771004
191.474695;-23.783868;257.213808
208.263974;-97.539341;239.922002
-155.673188;-25.437031;-359.962137
-302.141870;7.983994;-181.440657
-165.035461;163.146465;-323.435066
-222.392810;148.188612;-326.256046
101.111345;8.346486;335.059210
-250.941778;-57.604711;-256.371976
-166.260521;-169.047147;-18.519633
185.917195;-110.258580;287.202920
51.263441;-103.159220;-248.500363
-287.322746;135.625693;-277.658525
-84.635420;-228.555543;52.837474
-122.048003;153.602512;194.489338
-2.232830;170.100835;-176.595338
122.844314;90.405312;248.000290
114.784831;-126.824448;302.078421
223.870313;-139.309567;168.177771
214.823468;-13.948479;193.642479
8.361062;-115.109115;-275.512279
156.218634;-176.777873;285.220455
-177.954740;-156.799442;-225.378647
-280.197116;125.795160;-311.131603
-245.084282;164.476069;-319.757124
-295.673410;13.094183;-262.732446
184.567213;-215.474967;37.167087
130.028911;-131.255453;-149.016640
172.401500;-132.845803;317.949242
-216.988291;252.863454;-143.508191
-0.490068;-72.853082;-300.207048
-150.008850;-133.806376;121.851345
82.561893;-141.371330;-201.254119
-229.181129;38.359455;-359.220770
162.014703;-123.735436;315.658295
159.728836;40.545310;-33.924667
57.552337;-61.500390;-259.284204
-269.098464;49.257154;-324.279972
-125.082166;215.486606;-252.583760
181.757712;21.976887;-4.905684
-181.288181;157.205713;-329.290756
-59.275636;-240.133530;-112.018982
39.242426;45.468570;325.478370
-213.474525;68.013799;-347.882377
-43.074541;15.681726;299.393580
-281.928094;178.555817;-55.552961
-262.181314;142.718402;-311.391145
-285.681517;18.537635;-40.137633
-301.601374;113.376914;-258.655754
62.816971;-125.206903;310.125096
-249.398408;78.134201;-338.047660
141.334212;-144.268736;303.388807
-250.959620;47.777299;-338.122943
136.408913;-55.330106;316.797922
-225.893725;-103.284095;-243.523469
-162.441010;213.617632;-273.918456
-212.157089;57.965417;-368.623128
-52.035985;-164.977979;-270.302096
67.840258;-236.946686;199.713074
172.285785;-238.390871;139.860402
-105.571450;-215.969780;49.169042
-24.242359;78.500269;-302.225167
13.737217;65.461375;313.288431
-231.893399;72.965185;-350.455196
-320.932169;125.728112;-171.389732
-44.604186;-168.458060;-253.130222
-210.228106;-136.933406;-96.945066
141.689896;-172.822976;262.388694
129.368431;-173.229889;294.523644
-232.895998;152.529181;-307.826995
-265.290713;141.097460;-309.271042
-270.669451;-45.465941;-183.373316
-242.378406;228.768742;-253.546310
70.450618;-224.936314;229.115164
-12.218246;238.407957;36.139604
128.854978;122.903147;128.382540
127.957433;127.450806;25.603656
-189.965996;10.763514;-359.025860
-256.371450;86.167210;-330.573560
-195.915608;-156.680148;-202.968859
197.502497;-44.404005;239.615010
30.506048;-271.957628;-38.019428
-210.660864;156.240124;106.240268
-147.361738;-15.829864;-350.850595
-74.096678;186.333364;206.407894
-154.198151;210.840038;-272.954881
-37.824076;234.265596;98.332417
-102.557639;-213.576568;-175.083784
193.372690;-104.941624;262.861187
107.654860;-219.669353;243.209634
-172.926864;70.134425;-370.263626
167.578920;-113.338278;297.330115
-268.140779;136.407298;-304.587900
122.566711;117.773155;26.518310
14.107305;172.211105;-146.860594
136.580847;-136.053618;320.000933
-136.872654;232.006946;-224.971004
-243.544709;150.637063;-298.734631
-179.121456;-2.213096;-371.605564
-223.928137;90.254940;-360.215516
203.411436;-141.688169;242.398619
-34.798132;-257.782458;-4.293240
135.879459;109.400274;195.951623
-114.500340;10.241678;-363.702034
-154.338446;-176.561266;-218.271904
107.084674;-61.585150;320.134034
72.276046;184.232090;86.066566
-304.598514;109.564653;-70.962027
-132.266705;-126.044516;-302.180256
-9.239770;-165.902685;238.635435
-122.186859;-40.629080;-362.851260
-319.104065;122.551375;-147.030726
-226.171142;112.514301;-356.710134
-297.475673;71.279512;-257.090039
150.071721;-140.369591;-97.392220
170.800402;-233.570326;177.009949
-265.254518;164.918207;-300.429940
56.278830;-267.139699;114.857932
96.106695;-43.349167;344.122200
182.004784;-209.757205;25.552357
148.682764;-95.779497;324.039715
-51.915854;192.096195;-228.224086
-270.355134;72.443348;-340.915848
-240.325900;-56.517811;2.901824
-296.061033;130.816812;-49.568415
199.237039;-133.939458;279.843601
228.742045;-144.686693;198.375692
-187.727467;263.773489;-182.159593
177.744462;-46.051976;279.765834
121.111804;-140.197092;327.089223
-236.970089;151.809480;92.291231
154.385012;-92.919370;311.805562
-38.668594;-170.823675;234.944923
-107.397580;130.620764;234.849723
-179.077384;258.942005;-7.129909
163.022081;-68.950485;322.968829
-174.023887;258.172238;-3.761843
174.823730;-28.143132;-41.308280
129.402464;-151.785575;319.780953
82.063278;179.035893;112.037721
-273.640453;34.625043;16.427639
-133.695900;-196.534522;-162.528370
-219.226699;149.388194;-333.762577
155.738590;-121.267914;309.229395
-61.823260;62.644838;-331.645680
114.856491;125.541264;193.262207
-296.582655;140.006740;-287.385037
-3.703101;-119.489217;-287.223825
110.981081;-65.907213;334.144338
-8.652745;228.055472;105.079456
92.909406;-265.551328;153.413297
-48.772659;251.328782;-87.684292
127.073102;-119.692181;330.436580
171.346335;-159.458464;293.128165
131.900899;-236.038159;197.872845
-244.138100;122.322960;-341.823044
147.356963;-69.982692;-133.976220
-237.365461;215.099753;-281.733970
-158.065418;-53.174444;-334.624560
-200.729637;114.196977;162.929452
-280.139201;126.458578;-283.309988
-84.573419;-179.383831;-263.945991
-75.706181;261.747701;-46.298429
-249.984951;132.757052;-326.033394
-47.082516;-87.987225;290.307913
-250.625146;47.516200;84.881064
223.748859;-59.441936;91.396136
-47.135159;3.446693;306.368329
103.343879;-200.950885;-125.687998
3.922356;-113.464791;295.154055
194.953822;-151.468521;220.673661
-305.208803;99.227801;-57.771128
214.990435;-30.814506;120.976904
127.535836;76.341292;-75.951074
-250.791044;212.246812;-264.738803
144.346408;-255.719034;160.617987
127.832734;-2.283795;335.523193
-256.312637;186.795162;-302.633457
-0.416716;83.634656;299.470453
85.114841;165.215468;7.863511
-259.377864;-22.375321;-325.704394
-107.879718;-170.532265;-264.957646
-257.442238;247.484342;-133.991810
-267.851816;-42.821774;-159.734754
-160.521251;-130.944190;89.119176
-239.384042;-97.250554;-114.746932
129.514074;9.359108;316.823582
-129.800813;95.982359;-343.363565
89.763218;59.328142;319.353470
9.524172;88.429406;307.065630
-129.384557;122.844175;-345.641160
-295.062684;141.223255;-246.732650
150.862869;-238.067668;185.900582
141.203604;-76.275491;318.511765
-286.888053;196.626113;-123.977258
163.857711;-238.815625;101.153542
63.129756;132.994410;243.924938
122.517134;-264.293120;21.466552
-205.353762;219.679082;-284.953583
-236.323002;256.493592;-77.669043
27.301682;-131.861397;-236.758008
201.229418;4.512436;97.381569
-172.543271;249.096893;-215.642178
-271.799645;214.321423;-246.123606
-216.110129;266.016252;-151.445054
-292.315666;37.435446;-253.496873
111.928943;-229.109915;225.775688
-267.451368;-15.554726;-12.832767
-303.073428;169.329291;-187.385174
213.005758;-86.045159;212.791898
-236.520440;182.833504;67.706907
1.053392;-221.812126;197.370518
-36.255446;-215.630217;-172.383367
-205.397830;189.128080;-330.600915
-220.920799;53.500846;-354.969649
-186.289571;0.606318;-358.096472
-33.993720;-153.584887;-266.111965
-315.434878;146.543348;-208.711808
82.485353;-23.301956;338.176853
-250.732027;143.610186;60.877061
157.282580;-151.902179;296.215095
149.471525;-129.530919;318.856200
210.705883;-128.164366;29.863616
85.238887;-34.839202;350.850325
-201.789708;-63.772566;-331.416591
159.388549;-254.597531;-1.021431
-197.509695;215.190349;71.050610
-272.046996;185.138837;-267.597883
-171.830462;254.073159;32.107441
57.017116;81.471233;314.255656
-264.579251;155.513525;25.619180
-86.279248;-152.798386;-277.936275
-144.586788;-204.700463;-77.656349
-250.923201;159.145243;-308.865496
2.005480;-15.858429;325.325189
-26.514193;-89.215801;-320.211507
153.730183;40.646414;-49.568291
-166.910362;-129.215093;-264.476590
50.547698;181.978265;-47.287726
83.714998;-247.318969;200.779079
-271.741243;227.591925;-108.059211
-217.770190;-78.028923;-284.397849
217.029161;-109.919720;225.886363
-129.534031;-218.266966;-18.841626
-186.433078;2.189757;162.311754
-71.421212;166.543425;210.374547
109.026999;-69.760300;-191.606446
-226.030482;174.981972;-318.128196
199.725447;-111.287675;275.602748
-167.698156;-163.081804;41.987033
-72.608575;-138.147608;230.212512
-17.503898;-50.471182;316.251475
-104.747790;-31.581458;256.362871
-189.774013;-158.983585;-41.914783
-289.233647;61.443594;-298.155153
-117.554834;225.329859;-220.333668
-133.269521;191.303255;-300.224048
-282.591262;127.976085;-311.061865
147.640774;-25.751187;302.100088
127.031128;-229.612874;202.295042
140.179920;-88.024774;-147.031587
-144.122590;-207.704212;-102.036895
133.609116;108.383299;173.174486
57.593470;134.191138;240.301902
-232.447298;128.041597;-339.646398
-302.538324;133.606857;-269.661957
-192.635503;-145.357862;-163.956077
-180.216427;240.955827;-213.049964
-78.777185;-129.082817;234.613410
-99.279408;115.193785;238.346857
-272.168220;123.113174;-305.276822
-272.072581;215.231732;-150.288819
-205.712448;140.487560;-339.954389
-207.477399;204.430421;-322.742201
-58.213047;232.329612;131.012367
175.817503;59.163577;148.217492
-188.611945;215.235837;82.597568
-195.331156;-161.234753;-171.913941
-205.268062;-143.063485;-133.293893
-179.258968;-103.730808;-313.279952
129.154082;-165.084931;321.031228
-131.524103;202.177650;140.058184
67.028123;85.699953;-194.195658
-260.585365;149.165399;-318.888876
-62.882004;119.440229;-297.982649
-277.195201;206.653516;-263.756249
108.986043;-12.919343;341.614059
-64.846932;-40.786555;-336.961857
-240.329264;118.428790;-346.405681
67.173921;-84.971321;-243.785552
-109.892989;-139.850724;171.282374
148.703056;-210.384976;170.707476
138.782813;-208.785122;255.986324
174.251846;-159.955548;-38.526267
148.420821;-157.243913;267.995348
-228.046925;103.675451;-337.969073
-226.558437;136.666696;-330.643234
115.154686;-139.490228;321.983305
-315.409774;144.349194;-230.786373
-31.089041;105.610742;-292.285281
-266.318026;31.499159;-321.626988
-313.370873;51.029130;-83.585092
113.266739;-225.823240;-87.934490
100.958336;-159.120742;297.757558
191.860457;-219.207386;125.607211
-224.143705;210.221725;-260.586682
61.802996;-217.477157;239.736030
-307.658362;112.542074;-125.930169
-41.752014;-178.838183;215.818968
-229.725249;258.166986;-157.361086
-93.145348;-204.496312;95.593572
-101.390057;241.004083;63.013295
175.470959;26.835975;266.437869
179.195445;49.592025;167.645728
178.387365;42.467234;207.327328
-223.527114;15.260857;127.025842
24.937091;-265.084280;78.423460
38.520388;-270.631912;-36.586370
-280.068399;210.591411;-195.783488
-271.853929;-63.491502;-89.492770
-75.485790;-239.735448;-103.185694
113.757051;144.773700;22.547988
-56.417531;102.405060;272.063387
-243.486324;105.686836;-353.971317
124.682762;-274.479230;78.630336
180.037064;39.054393;44.007983
110.123904;44.975947;304.478478
-294.650436;98.162675;-9.303619
119.219561;95.553135;-59.974149
-126.072783;-85.287797;-332.638192
71.459252;-21.934798;340.765086
-260.592733;100.328159;-325.440832
116.071024;100.206466;247.924881
-129.277456;178.592191;-304.077969
-180.517470;61.031698;-365.714850
159.641688;-37.025950;325.508123
-171.171867;-81.405384;-319.933101
229.243611;-159.898768;139.394811
63.639545;-61.790932;-246.391858
192.140208;-210.705386;73.732366
-20.687867;85.445929;293.296132
142.583162;60.411504;-61.364826
60.567909;-7.317714;347.085060
-281.823336;131.766989;-304.411774
29.533615;-126.794226;306.622248
-255.613189;140.127497;-324.858073
232.597871;-130.472202;129.541078
199.940957;-98.527510;264.418609
-214.873144;-98.669684;-278.249190
-35.178056;-201.810626;194.951944
-212.482301;261.420503;-98.854487
77.133322;67.513873;307.587273
-141.722951;-87.056972;-327.496837
-221.389833;155.472608;-324.782583
-235.877572;188.978477;40.530152
-226.777326;-80.439580;-266.846014
-4.535258;-87.360671;-295.042539
-105.801768;-216.749144;-159.273636
-58.886653;160.551751;242.252746
-219.523591;208.681392;-277.479354
216.082571;-156.129816;71.929085
22.937548;-105.756644;315.712016
152.518362;-120.625629;321.815672
177.762323;-180.921829;252.389922
143.981449;-246.129285;140.320011
-294.160301;182.441052;-236.380250
72.758776;-175.247649;298.919149
198.025840;-2.494024;225.296312
226.854946;-124.657572;88.591860
-11.871443;-144.180547;280.668084
-122.919232;179.383489;191.874624
196.728558;-64.982162;258.963807
164.054074;74.364508;204.176204
198.865900;-39.005185;-21.297941
186.789121;-75.728431;-41.462256
-236.714041;131.019241;-327.801876
-18.497971;222.152995;133.548312
-206.264590;260.222464;-135.640201
78.255599;-10.931567;-233.635939
120.066651;-180.477486;285.106220
-191.086113;213.336899;-269.503097
-55.152570;-73.308768;277.577258
30.424596;-206.890613;246.659677
176.619966;-154.721359;284.384208
-172.228739;72.494935;-380.491313
-269.523139;98.448385;27.509086
185.540117;-129.205651;295.106325
-147.807977;-35.862386;-359.679585
159.649203;-128.840344;313.599086
11.670105;60.914144;320.237298
-45.311021;172.302733;230.833760
23.400702;204.672204;126.952505
190.190196;-169.749573;262.403701
-43.397942;-255.305606;35.592079
-259.491250;142.751134;-322.462488
138.434950;41.421391;260.740542
-198.822560;274.020824;-25.786540
-3.022113;188.385987;184.690985
-257.368565;209.539249;-217.066709
36.666920;200.971022;-34.188073
-259.683804;232.006616;-90.661816
119.678257;-239.319203;210.606422
-6.953090;228.817997;-73.836265
154.293240;-129.943263;296.782756
125.736187;-108.550738;327.268451
71.546687;-281.161976;51.199014
194.400648;-210.860596;180.543407
129.780700;-54.931118;338.890094
19.728355;-29.859769;-305.049366
193.734480;-61.713537;227.863351
201.393654;-62.977333;240.997570
-245.040492;123.107853;-324.801615
-84.307177;-22.067439;-358.890639
145.260175;-155.283890;291.950947
-142.512623;201.831835;155.979483
-286.512164;66.967660;-311.462589
-132.231681;237.304756;89.554872
-55.805378;49.835590;297.689355
-33.496099;-90.532617;-314.584454
133.471514;-132.371424;305.905169
-40.400234;-29.946549;-337.831037
-5.389104;-224.726845;-183.853741
-229.206977;249.987496;-175.431135
-250.068476;169.627295;-310.529591
128.005752;-188.080542;286.130411
-174.046532;-120.647431;91.288438
-210.256018;149.755977;-337.570721
-200.700301;215.775822;-256.363277
130.100853;3.185860;-147.972323
-215.563458;-130.183892;-148.214558
146.436951;-64.775910;-138.958553
-288.580605;-24.317632;-232.645498
-265.067044;10.011632;-323.933048
-218.821960;143.415777;-334.479012
160.285723;-42.154476;-104.720828
66.961781;-248.846933;180.799821
-89.266445;262.732710;-104.983292
123.184537;-261.547538;172.869921
17.747332;-255.079434;-94.267164
176.872464;-229.224545;162.381522
-190.033214;260.527164;-67.917665
-259.237426;57.486966;-318.146900
184.760253;-219.404661;162.628897
196.173934;-215.474001;138.180256
-250.172745;121.969766;-345.174711
184.546364;54.977934;112.003124
-266.472151;-56.830338;-216.920306
185.850317;-151.561593;-26.898559
-262.085463;225.736310;-76.326575
211.898223;-4.057838;154.300992
5.894682;-114.107439;290.035722
116.942996;-81.300623;328.784567
154.348954;34.130944;266.618391
165.601488;49.127497;223.025715
-84.836352;65.667597;-355.066947
218.951907;-4.655149;117.089018
-80.953708;-239.144223;-47.983214
-294.491452;8.520071;-67.393004
-89.656679;211.062973;-237.262546
-119.347285;-131.799578;177.091311
-69.223448;-55.392685;285.372359
-161.733098;145.799760;-335.525995
50.694383;194.275089;124.643140
-50.467110;-258.057899;-50.208092
-56.951517;221.845115;-160.959061
148.579320;-238.849368;213.520978
76.675353;104.214938;266.318300
98.035076;123.943362;-52.799920
-239.722407;-8.796930;-324.275412
89.647667;-58.195469;343.470631
151.055018;-126.388466;324.597942
-148.219137;-128.356580;137.444924
41.833041;-241.105208;-109.696211
-78.619049;232.317790;-192.213757
-158.896692;-186.992173;-116.354145
-218.206481;-142.338372;-141.183021
-110.313422;-197.393882;-200.162907
-170.886041;-111.617457;-292.049182
-165.295834;79.686192;201.928681
55.578340;-254.721127;-92.536513
-316.371119;170.820158;-97.895910
-308.130382;40.322852;-134.540573
-140.203772;-172.722458;66.696750
-285.814300;-11.117064;-60.041296
41.375537;15.893939;-270.648413
232.942051;-47.100258;178.927544
148.373462;-105.613250;310.197871
169.681281;-108.748988;295.078713
162.665876;-125.829337;289.994086
124.572358;8.961095;318.721738
-205.272197;263.003978;-187.370272
216.217642;-161.595223;59.830690
-284.663367;-11.467724;-217.336625
-36.749283;-250.004138;84.880916
158.804880;-133.234421;296.469253
-180.535492;-128.353020;79.265369
66.622042;128.134725;248.499510
-162.148212;169.707161;-324.764506
-281.551019;83.932260;-319.673914
164.181438;-67.248085;317.608300
148.928553;-123.264130;300.403987
-245.717531;232.023169;-27.628874
-247.100091;45.520243;-350.229049
-247.556589;120.794299;-325.434288
-148.352495;116.243107;-338.454976
178.258689;-150.137294;256.809280
124.205486;117.982033;1.717364
-46.593864;234.624514;-130.867830
-271.150203;-66.703606;-92.725862
-122.703937;163.849740;-307.039509
162.337288;66.108636;176.424799
53.387975;164.945225;204.997556
114.049834;-243.861867;157.957591
185.247232;37.633220;10.838275
-171.976536;32.481165;-369.073088
155.315963;-17.230616;302.442997
222.021911;-178.808951;86.222877
159.397462;41.672606;262.431712
-51.565682;196.698227;-223.405504
173.198710;-142.513701;292.498867
-260.144479;52.734535;-327.562251
90.353802;-74.088415;-216.750031
103.382889;-227.990612;242.048349
65.870703;-4.804964;-239.014214
0.262582;68.152423;311.137574
-16.348183;231.819239;107.748727
216.343726;-53.973099;216.858519
-321.592770;73.398916;-221.173843
-243.110664;-86.953360;-201.330269
-157.391583;-151.044079;82.834812
-183.470769;69.196834;-368.884246
130.693799;134.317998;66.170984
187.263637;-154.759794;262.029948
49.356667;-73.880103;340.033458
-147.394626;-182.836890;-134.876088
223.228351;-122.793475;205.640388
224.917249;-119.023625;169.785843
-138.318877;262.752809;-95.270752
-244.341227;133.393322;-354.288915
-277.003546;20.913490;-291.549737
-219.379004;88.628551;-366.626805
183.716738;-23.421374;280.382322
228.595376;-76.701804;166.128664
-52.385737;192.034759;-218.950554
14.405987;-264.678749;7.365399
-84.992914;86.959837;-339.749663
-208.620322;252.304548;-2.548465
-258.227341;108.741786;-337.898092
-281.075949;-40.953513;-194.732300
-207.801504;-60.122573;-322.241283
155.630352;52.610073;-55.234326
187.334772;-116.711155;279.437458
166.146645;-239.694351;10.426940
-207.472312;-61.103322;85.278831
-265.606731;209.118114;-88.579550
161.107635;-146.897563;278.880974
89.482194;-160.472024;305.927388
142.286626;17.908236;291.748443
187.702241;-149.951500;262.698341
146.457749;-174.586942;267.288915
-188.792642;-118.539651;59.822402
5.495505;-29.399065;322.324167
-36.320088;-44.232870;305.147012
133.096239;-256.164314;176.240264
-104.239962;-229.278328;-101.617662
183.520001;-126.713680;271.169858
5.533308;236.481280;13.149564
-289.344033;135.909827;-278.242847
173.440108;-133.242229;-83.349990
-56.730602;-256.973769;-8.726584
144.388425;18.842462;298.245911
151.135070;-253.772195;21.363533
11.636192;206.051218;-90.384101
152.788068;-127.104736;309.805106
-97.366806;-171.489767;-258.756304
11.962009;-107.857931;-277.728686
101.691150;163.298384;96.203772
58.198428;109.996339;281.748029
68.112125;-101.575853;-235.953374
33.738846;-226.960266;-169.621177
-206.773763;230.549971;-245.037615
-37.807595;184.769251;-195.669878
-36.288443;234.325877;92.422065
-208.031826;263.428688;-147.951890
-26.168367;-237.504237;-150.043199
-24.704718;223.778468;-115.320053
-192.591619;-1.214576;-364.503126
-226.835138;-115.535570;-170.561756
71.381669;-220.351807;-143.185480
190.521576;-61.818022;277.468883
32.277583;-53.820746;342.887125
-121.013848;-83.287097;204.434916
-226.582545;-123.322904;-131.568477
-271.152745;176.058677;-15.278792
-58.347264;169.745919;216.855549
214.261439;-138.907176;164.508498
196.306279;-28.639675;260.114940
143.418462;-8.088991;-111.382560
140.609336;-148.436556;317.008661
-94.535088;-233.923533;-153.033577
-242.603083;25.909782;74.072101
-210.686990;21.696072;142.280036
-214.961483;-29.921966;-330.642368
201.990713;-185.935588;-14.214880
-166.730772;44.652004;-365.543329
-219.255076;130.561655;-335.962347
-60.276413;-240.647591;47.175427
-235.498862;-51.607129;63.510556
51.386591;204.399808;55.558634
72.323413;-62.257810;328.349715
71.187073;-186.856719;265.847113
-243.366453;-36.711530;-310.469281
-227.090045;113.676894;-346.453173
-17.194231;203.265014;171.124161
-41.832462;-46.510675;306.507889
4.969473;-248.967746;155.554438
-57.268830;-136.029636;233.631646
178.826959;-76.315462;300.686076
157.553746;-142.538963;301.634268
-207.411821;-100.669546;-301.040833
-84.880352;96.848360;274.269684
-262.902867;217.802466;-13.854520
-21.955329;-227.058789;166.918355
98.977165;-266.904292;50.866052
-288.442094;27.261277;-271.086846
-291.518279;-17.939191;-254.558334
-274.525348;-34.983107;-224.795163
88.958849;115.735953;-100.522580
-111.240510;65.263384;-364.232049
-193.656299;138.766488;-339.518130
144.117106;-16.302593;312.206742
-305.376233;128.247919;-280.412624
113.586004;116.162474;231.383423
86.583830;152.412343;181.634842
-245.786174;120.977350;-334.801917
142.201895;-260.776817;73.983746
81.965595;-55.195919;341.419351
145.771056;-147.406433;304.249094
-79.937574;247.100405;-145.684353
189.158110;-112.980366;274.009370
-276.136508;208.411533;-202.507427
-280.705119;142.177700;-2.164130
-300.222902;42.394412;-32.109202
126.602160;124.022091;103.032866
-310.664548;74.807982;-194.544880
-181.319053;243.944439;79.573747
-286.512465;195.890821;-130.856052
-229.653610;-116.630233;-199.884359
-214.698502;159.980073;-323.001299
150.199895;42.287408;264.916811
-2.627834;215.967109;-92.961260
144.935982;113.331024;100.492428
14.388375;223.824217;60.847164
62.828109;-142.536139;317.201538
113.597219;-232.337478;-88.027440
199.099666;-205.271779;76.141596
-269.358623;108.506816;-336.931648
181.569259;-150.924220;275.763241
-59.412581;-231.940038;-142.501410
112.457575;89.616144;-93.160273
193.214676;-205.590239;66.772208
-40.057122;94.064792;286.566988
-94.135782;212.196106;-228.666647
-2.716682;-39.360079;-306.334771
207.781311;-169.654638;206.955224
18.068518;-107.824116;312.904293
-249.566093;121.716397;-346.945072
195.315424;-194.485053;217.594996
-192.362711;-109.232740;-293.778384
79.188062;157.656200;-31.665691
214.092897;-149.695355;13.072560
-234.627133;-33.132227;-323.665423
-181.699283;258.567256;-203.356014
-200.081119;-95.665559;73.930587
211.228852;-56.932294;161.150831
-187.428649;223.595888;-256.359871
185.553326;-200.354635;240.224636
166.171009;-245.986996;165.167358
198.679505;-23.464761;223.991760
2.751449;-14.390736;323.545417
54.691461;101.033516;-187.308550
-104.402226;-118.152026;216.363723
18.925448;-82.207895;314.787339
181.030168;-42.605221;281.184257
158.082372;-129.477732;312.638010
-243.173442;123.507624;-331.427964
-8.298674;-75.773181;-292.193014
-72.784279;37.098209;-354.221607
-212.668852;118.875553;-344.417405
-275.513359;-38.274016;-120.016758
-285.619667;72.094442;-305.363365
-275.901202;117.419126;-315.364541
-281.365714;-39.524503;-193.098242
-233.204039;-26.132071;-338.092619
147.617590;-61.879456;328.597021
152.917283;60.300625;239.255183
-181.896796;156.223814;-332.885373
-172.154296;203.043077;126.942771
-233.766863;132.703446;-339.053009
-31.096011;246.764801;-95.053979
-56.748280;-259.031373;-20.432059
51.256697;-168.690879;280.428553
-168.855649;164.409519;-340.394040
-241.582516;89.211466;-335.312023
82.936741;32.548612;324.207271
-301.843878;70.007111;-52.403845
-120.414589;-60.515084;215.676634
-177.291964;30.492191;191.173098
-255.574717;51.207315;69.088182
223.390905;-85.771999;83.528887
142.857097;-109.255224;319.596027
169.868181;-82.216244;302.314349
187.890488;-195.637075;175.023243
-40.037706;-134.791527;260.525478
-47.192002;205.367868;178.061079
206.586924;-59.356239;222.525637
-50.583987;62.795780;-326.284084
-117.749026;268.408156;-108.996711
-93.603022;-16.295023;-367.894729
-116.576161;253.944521;57.453010
86.986760;60.835133;301.667599
-296.545727;14.860188;-220.658037
119.947859;-173.643264;270.199174
-0.204935;71.797105;299.487749
-281.453595;19.667024;-292.456769
74.511472;-110.873204;327.908388
-220.033754;-96.278097;-267.406877
-217.010467;137.006091;-356.083217
-306.555334;118.624853;-97.965190
155.901909;-85.130374;316.270328
219.923077;-128.881757;25.236671
163.310598;-154.508299;300.466765
145.846523;-110.285626;310.440607
-242.628166;47.682342;-359.435224
-44.723299;90.796176;-314.854816
166.675923;-143.672873;291.403663
98.980622;-72.476229;-198.533440
150.140527;-142.175689;306.073794
-62.508244;-202.064256;-189.685454
76.919023;-92.961072;330.338469
-165.589769;-29.085628;-358.567030
120.257320;-264.953508;72.838434
-193.102067;-24.381129;147.804570
172.795947;-118.358098;321.864027
-156.650569;267.521786;2.222777
-311.816635;141.968713;-215.547162
-292.299686;210.270982;-192.634502
208.924349;-163.594400;211.097001
228.440496;-102.887544;188.636788
-7.447691;67.069947;-296.575025
50.494975;191.465939;130.407521
212.568496;-125.768940;262.944294
-37.194129;4.915303;317.361712
-19.841083;237.399388;-7.618363
-182.596343;-143.255297;33.727442
-291.404285;208.979954;-169.784349
88.332025;-182.254260;271.658216
73.431730;-192.356626;263.975989
-185.807973;117.228905;-353.665073
170.223443;9.346032;-38.703714
-2.048812;176.817774;-188.718732
-98.527731;-230.625953;-13.417271
-220.321516;-48.273938;-322.541855
159.445964;-226.951218;178.921064
145.791676;-178.464924;293.724269
129.073645;-126.449852;-151.301701
-233.451280;94.952337;-367.003049
65.944824;192.157763;91.388366
-264.318845;62.477440;-331.023319
194.769011;-135.643945;-31.132392
-61.954180;14.482938;277.925272
-147.996610;98.870157;-367.860188
-204.287094;-89.623610;63.504533
-228.810576;255.885454;-105.224772
180.039404;16.664895;255.320490
136.510624;-229.363564;211.837442
-137.403637;66.970054;-362.334183
154.644050;-123.336568;282.492351
-165.182283;224.996503;95.938450
113.870378;145.019987;130.593421
-69.390316;-245.221072;-21.049734
68.681606;99.304771;271.161292
-105.969361;48.044951;-353.073547
-217.843572;259.972280;-34.330850
108.677185;-187.501268;-151.763548
142.280549;-244.064986;144.297096
-33.868960;227.763712;112.956056
159.913008;-127.972051;304.443452
-11.007489;-27.689016;-304.031373
71.880118;23.115447;-236.033640
-249.958053;106.957008;-335.191924
-65.001388;-1.810639;-334.579954
-185.620799;-37.113402;-352.175955
149.541063;-239.493318;32.816384
-241.509279;125.883889;-341.332677
173.171976;-121.926697;300.423761
6.210641;53.272331;-280.743950
145.552142;80.980199;201.687051
-125.472708;158.342737;192.318332
143.831946;-96.647765;315.265019
-11.340802;232.460526;-98.615756
188.480398;-166.656287;251.195217
163.863057;-225.168439;176.287988
163.123988;-129.584762;316.908633
-94.131115;-130.578395;230.807649
-259.972472;108.764948;-328.132940
142.551657;-158.556771;302.896821
-223.583195;111.823645;-342.493843
-308.938002;127.285629;-193.556535
-135.562282;42.672207;219.500694
-303.650571;134.838303;-285.090479
-169.989727;240.657078;77.282729
-91.677451;258.457570;-38.359144
-3.979798;-222.894385;195.865673
-65.903964;-38.340733;-339.268076
106.866565;139.327098;172.419200
-6.893167;204.584053;-148.791921
-72.259150;-105.310660;-313.177662
172.254619;-163.639776;-77.994218
-253.642043;233.386098;-143.664673
92.264082;155.852272;200.564627
26.321124;130.918943;-215.866934
-252.487074;-31.957016;-290.809553
122.838156;-24.872406;342.277568
-82.861889;246.987248;-151.828575
-248.737850;-55.263377;-3.356047
-291.547608;81.905465;-34.391675
-258.244003;34.943699;-321.085212
158.299758;-133.383647;301.099035
-27.028020;-194.286254;-222.669416
170.439310;-43.629477;298.819415
-36.123762;-9.177629;304.103345
154.917548;-141.757263;290.665321
157.590392;-82.833865;316.630457
-162.086396;223.059926;-247.471919
127.378110;-51.666721;333.093356
170.537806;-65.524281;319.652103
180.037755;42.699486;60.078996
-176.137833;115.816183;-363.435341
-318.976470;64.941530;-204.557176
-96.770067;86.816177;-333.730863
96.396224;-253.056652;166.857564
223.788910;-128.059253;132.356232
-284.497705;115.785732;-304.517954
23.686275;-76.123999;313.043851
-266.643355;2.956896;-278.702268
81.251025;43.361173;317.519726
-205.507130;-145.086340;-60.402927
-112.908314;-165.227489;-263.674622
69.102428;-49.301363;-244.581792
208.032487;-109.009599;60.060623
166.354697;-58.719664;288.462336
-105.161180;-173.049207;118.808841
-271.987548;139.344695;-313.999363
144.475436;-186.812802;271.245459
-312.510791;135.081209;-219.333695
92.400426;-36.075823;336.599856
38.860470;37.449884;328.707416
165.467730;-124.215381;315.199318
135.251390;-198.744930;270.561257
210.133559;-157.334509;67.199503
-251.369279;73.512348;-339.575243
-251.964184;126.949350;-330.855634
-297.688943;13.120054;-186.264443
-5.017598;-150.641305;272.682623
173.868109;-16.010489;-75.062572
186.891039;-106.909571;286.311321
155.147476;-246.550166;153.933248
45.473220;-46.657595;345.211814
-320.651101;88.588343;-148.669729
-264.659664;157.183777;-309.646831
-71.184126;-62.555906;274.600767
-311.077508;92.594857;-122.720134
-208.497247;200.424417;-291.607196
142.626564;12.562049;302.443521
-147.962642;18.856591;-357.299220
-115.367009;255.106954;-159.671496
-267.224653;-71.012934;-155.725905
-239.771391;147.034843;-333.731023
140.012205;-91.661161;307.731497
-168.265480;-161.440758;-13.486708
-79.075667;-183.046242;-243.424890
145.086128;-190.170687;277.310025
-200.835389;3.449649;-358.145212
7.223749;-193.776050;228.885259
139.767406;-96.806419;307.100956
-226.587114;253.248181;-174.328064
-1.108845;-46.290746;-305.421708
-199.938515;-147.843789;-166.463125
-30.288849;188.693157;198.464379
200.015565;14.488221;157.001432
118.894601;-207.041771;233.885792
69.380433;72.140596;-195.173253
148.264419;-43.144297;-108.359960
109.578880;-129.344227;330.363054
-311.074157;117.010655;-141.126783
-275.756667;140.718617;-4.251691
-23.565855;36.700806;298.066933
-151.126950;224.033077;-256.277756
-158.509805;-187.119349;-69.867628
-162.444240;99.737269;-359.132303
-233.516126;182.509544;-291.262279
139.266169;-193.091060;263.315299
-211.363963;-134.133850;-50.261531
52.299941;-84.051596;325.631035
84.258417;-64.123013;326.453075
46.473284;199.382052;107.988682
-13.577046;1.659523;329.599764
-44.493216;-49.459212;-330.934426
102.407268;86.059190;271.971013
-125.918859;269.711266;-46.380937
42.573495;197.805606;141.280239
-252.755229;97.919770;63.416652
-162.373517;55.618994;196.456684
-83.594003;-216.240227;99.680230
117.075603;-203.999518;272.238819
197.859892;-73.868423;268.455866
-283.404397;139.542472;-291.117813
-137.558926;-174.376321;72.539581
-245.548876;-83.807145;-19.284891
-69.373130;79.163416;-327.968238
-261.336343;222.981962;-216.334964
-195.170430;270.679463;-59.044964
-175.166894;274.570625;-84.770907
54.740535;74.288501;309.498942
132.648973;-47.315191;330.211582
-75.092985;147.155879;-308.604584
-17.193001;180.979338;-206.780360
5.327549;198.138981;173.305955
126.464987;-76.080868;339.164878
-296.146549;134.527703;-246.619710
-285.167948;122.784456;-310.000969
-302.532593;47.745757;-61.157647
134.513237;112.492026;227.713527
85.747190;-129.730929;326.300680
-304.345597;24.846648;-108.227259
-307.579824;90.012393;-261.246349
-225.212369;15.111463;-350.659195
-87.868035;129.027443;-312.108805
-308.342151;59.025493;-78.982708
-266.072654;50.756737;-334.466797
180.542463;-50.870563;-64.586039
108.542536;-107.273775;331.536507
-286.909032;115.606123;-49.051593
44.382032;-272.027843;-31.946251
48.311598;214.067846;7.802298
70.266971;46.262784;307.319846
227.963824;-66.744061;104.399090
137.608338;-106.022812;330.955789
161.157192;48.741296;-58.313461
-251.147905;256.308705;-188.960203
-176.556188;-26.986215;165.224622
-14.256918;119.455303;275.873414
-298.508249;185.186085;-109.372956
-300.030275;187.030284;-244.792299
-167.093050;-172.901736;-176.575156
-303.552821;171.233559;-120.220282
111.762629;-156.011723;307.890322
163.704407;-203.058367;256.931176
-255.718466;87.118363;-337.252292
-47.008771;197.528734;-211.062050
190.658848;-144.032609;266.976291
